max_trend_per_decade:0.2923257377783002
min_trend_per_decade:-0.04067548283449004
forecast_2037_max:23.399647505973128
forecast_2037_min:8.134374680439779
